 -0.89452170      0.78332691      0.89120736      0.96355819      0.99749499      0.99166481      0.94630009      0.86320937      0.74570521      0.59847214    
  0.93203909     -0.46714596      0.99957360      0.97384763      0.90929743      0.80849640      0.67546318      0.51550137      0.33498815      0.14112001    
  0.99166481      0.94630009      1.44435354      0.74570521      0.59847214      0.42737988      0.23924933      0.04158066     -0.15774569     -0.35078323    
  0.80849640      0.67546318      0.51550137     -1.23286138      0.14112001     -0.05837414     -0.25554110     -0.44252044     -0.61185789     -0.75680250    
  0.42737988      0.23924933      0.04158066     -0.15774569      0.00672706     -0.52983614     -0.68776616     -0.81827711     -0.91616594     -0.97753012    
 -0.05837414     -0.25554110     -0.44252044     -0.61185789     -0.75680250      1.22494362     -0.95160207     -0.99369100     -0.99616461     -0.95892427    
 -0.52983614     -0.68776616     -0.81827711     -0.91616594     -0.97753012     -0.99992326     -1.44848843     -0.92581468     -0.83226744     -0.70554033    
 -0.87157577     -0.95160207     -0.99369100     -0.99616461     -0.95892427     -0.88345466     -0.77276449      0.47993051     -0.46460218     -0.27941550    
 -0.99992326     -0.98245261     -0.92581468     -0.83226744     -0.70554033     -0.55068554     -0.37387666     -0.18216250      0.88360915      0.21511999    
 -0.88345466     -0.77276449     -0.63126664     -0.46460218     -0.27941550     -0.08308940      0.11654920      0.31154136      0.49411335     -1.51994046    

 -0.89452170     -0.09933136     -1.09983176     -0.76650387      0.17076011     -1.93488256     -0.08390209      0.91325651     -0.64079770      0.19467337    
 -2.34787836      2.37205792      1.82799855      0.32665569      0.20823606      2.08898701      0.18478619     -1.26301527      0.67906947     -0.46721509    
 -0.00000000      1.73595447     -1.16502337     -1.24674444     -0.62982255     -1.98482018      0.29757501      0.63393006     -0.13085189      0.30403010    
 -0.00000000     -0.00000000     -1.29293756     -1.12623923      1.19078291     -1.30877298      0.18601517      0.42367339     -0.10196008      0.19436609    
  0.00000000      0.00000000     -0.00000000      1.57771115      0.81693583      0.44615317     -0.04365093     -0.46659792      0.29412316     -0.10344211    
  0.00000000     -0.00000000      0.00000000      0.00000000     -0.77289751     -1.60102824     -0.29126855     -0.24343379      0.67362861      0.26247729    
  0.00000000     -0.00000000     -0.00000000      0.00000000     -0.00000000     -0.72967739     -0.00796546      0.97107391     -0.12989674      0.02780242    
 -0.00000000     -0.00000000      0.00000000      0.00000000     -0.00000000      0.00000000      0.79455396     -0.45251435      0.50489015     -0.12112102    
  0.00000000      0.00000000     -0.00000000      0.00000000     -0.00000000      0.00000000      0.00000000      0.70399114      0.12675355     -0.37146967    
 -0.00000000     -0.00000000     -0.00000000      0.00000000     -0.00000000      0.00000000      0.00000000      0.00000000     -0.49195869      0.40815098    

c =   2.51250908  h =    8.56019576 
 -3.40703078  -2.34787836  -0.00000000  -0.00000000   0.00000000   0.00000000   0.00000000  -0.00000000   0.00000000  -0.00000000
 c =  -1.97285179  h =    5.74137707 
  0.00000000   2.91019178   1.73595447  -0.00000000   0.00000000   0.00000000  -0.00000000  -0.00000000   0.00000000  -0.00000000
 c =   2.40724034  h =   10.68281919 
  0.00000000   0.00000000  -4.43778671  -1.29293756  -0.00000000   0.00000000   0.00000000   0.00000000  -0.00000000   0.00000000
 c =   1.59561566  h =    2.92632491 
  0.00000000   0.00000000   0.00000000  -1.83397855   1.57771115  -0.00000000  -0.00000000  -0.00000000   0.00000000  -0.00000000
 c =  -1.45624259  h =    3.91795025 
  0.00000000   0.00000000   0.00000000   0.00000000   2.69045162  -0.77289751  -0.00000000  -0.00000000   0.00000000  -0.00000000
 c =   1.23967623  h =    2.77917790 
  0.00000000   0.00000000   0.00000000   0.00000000   0.00000000  -2.24185787  -0.72967739   0.00000000   0.00000000   0.00000000
 c =  -0.80019392  h =    0.71619939 
  0.00000000   0.00000000   0.00000000   0.00000000   0.00000000   0.00000000   0.89503228   0.79455396  -0.00000000   0.00000000
 c =   1.30955871  h =    3.16100788 
  0.00000000   0.00000000   0.00000000   0.00000000   0.00000000   0.00000000   0.00000000  -2.41379623   0.70399114  -0.00000000
 c =  -0.65910846  h =    0.72353195 
  0.00000000   0.00000000   0.00000000   0.00000000   0.00000000   0.00000000   0.00000000   0.00000000   1.09774339  -0.49195869
 2.512509079248e+00     -2.181265513645e+00     -1.316649918648e+00     -3.235549645996e-02     -2.553867638933e-01     -1.263236417243e+00     -1.428067524844e-01     8.551127106196e-01     -4.064323860885e-01     3.672920640296e-01     
0.000000000000e+00     -1.972851789714e+00     2.276016623827e-01     7.014634531795e-01     5.947854062317e-01     5.340587633903e-01     -3.303516655914e-01     6.131164883827e-02     -2.842350072136e-01     -1.020581006877e-01     
0.000000000000e+00     3.745964675999e-16     2.407240343439e+00     1.722528346094e+00     -4.505704077291e-01     3.392449531044e+00     -1.121444617851e-01     -1.448802456850e+00     7.311045593936e-01     -4.847285804893e-01     
0.000000000000e+00     -3.563187455615e-17     0.000000000000e+00     1.595615664669e+00     6.397406649436e-01     3.502375215214e-01     -6.543701621428e-02     -3.985833699409e-01     2.393366716784e-01     -9.059576583919e-02     
0.000000000000e+00     -1.998860633424e-16     0.000000000000e+00     0.000000000000e+00     -1.456242593458e+00     -1.416208323337e+00     -2.740258546573e-01     2.820474174288e-01     3.146375562716e-02     2.179593898341e-01     
0.000000000000e+00     -1.011937935171e-16     0.000000000000e+00     0.000000000000e+00     -1.795057630606e-16     1.239676225669e+00     1.437893689789e-01     -1.965876544047e-01     -5.501588373900e-01     -1.563867947060e-01     
0.000000000000e+00     8.732269323870e-18     0.000000000000e+00     0.000000000000e+00     1.549000797136e-17     0.000000000000e+00     -8.001939216933e-01     3.239240677887e-01     -4.348133701956e-01     1.296863513999e-01     
0.000000000000e+00     -6.168847012885e-17     0.000000000000e+00     0.000000000000e+00     -1.094280144824e-16     0.000000000000e+00     0.000000000000e+00     1.309558711582e+00     -4.522300337931e-01     -2.541297741346e-01     
0.000000000000e+00     -2.617309181469e-17     0.000000000000e+00     0.000000000000e+00     -4.642795427029e-17     0.000000000000e+00     0.000000000000e+00     0.000000000000e+00     -6.591084569144e-01     4.900007103780e-01     
0.000000000000e+00     2.935488899915e-17     0.000000000000e+00     0.000000000000e+00     5.207208432659e-17     0.000000000000e+00     0.000000000000e+00     0.000000000000e+00     0.000000000000e+00     6.373330490059e-02     

-3.560272500571e-01     4.439873952785e-01     -6.935939248834e-01     6.597513287486e-02     3.701042887335e-01     1.873680253022e-01     -1.616846253860e-02     1.142209065421e-01     4.846147534277e-02     -5.435281546003e-02     
-9.344755733655e-01     -1.691554235406e-01     2.642533895704e-01     -2.513596481179e-02     -1.410065879813e-01     -7.138562494120e-02     6.160046789173e-03     -4.351719447171e-02     -1.846341016476e-02     2.070796067082e-02     
-4.189220136398e-17     -8.799213803066e-01     -4.007708665994e-01     3.812160145536e-02     2.138528196492e-01     1.082645668876e-01     -9.342424307228e-03     6.599886483483e-02     2.800189963180e-02     -3.140602039975e-02     
-2.129439628885e-17     4.088533233704e-17     -5.371036454452e-01     -1.260096502461e-01     -7.068831837949e-01     -3.578648243181e-01     3.088106413322e-02     -2.181569912327e-01     -9.255932185744e-02     1.038115266702e-01     
6.099224446744e-18     -3.685276194322e-17     -6.810125825463e-18     9.887789321494e-01     -1.266092216426e-01     -6.409685206678e-02     5.531080075230e-03     -3.907390568777e-02     -1.657821824708e-02     1.859359069583e-02     
5.185625668361e-17     -3.961918142526e-17     6.781747407782e-17     -5.474268061504e-17     5.307477730505e-01     -6.851618290904e-01     5.912435352116e-02     -4.176796180699e-01     -1.772124834679e-01     1.987557610042e-01     
6.389867736731e-17     3.763767139493e-17     1.501131418567e-17     -3.145581534783e-17     2.722726365463e-17     -5.886032010032e-01     -9.581355780501e-02     6.768677853804e-01     2.871804513252e-01     -3.220922591440e-01     
-5.474533427618e-17     9.337963123078e-17     -3.441720385472e-18     -3.844613178737e-17     4.713972103245e-17     6.648789835257e-17     -9.929517580142e-01     -9.993700299901e-02     -4.240112211754e-02     4.755572027991e-02     
1.140315042507e-17     -4.826374326365e-17     -2.499854978805e-17     4.843579750361e-17     1.297590649152e-17     1.347386623791e-16     3.720069411498e-17     5.375789043480e-01     -5.611563234389e-01     6.293746914713e-01     
-8.145260835949e-18     1.003943361616e-16     -2.526540759434e-17     -1.702547895862e-17     1.249479621153e-16     1.769589020709e-16     -4.604999873540e-17     -2.147096954790e-17     7.464002047925e-01     6.654973585866e-01     

1.143817643298e+00  2.643043667321e+00  -1.774014655111e+00  -7.804541680122e-02  3.406398561353e-01  1.461454600932e+00  -9.542620239375e-01  4.390636920106e-01  7.812046500198e-01  -3.242676232229e-01  
1.843581807358e+00  1.334470111481e-01  -9.893074658739e-01  5.579861874654e-01  3.915081963850e-02  -2.951491456489e-01  1.302107099261e-02  -6.809912257186e-01  -1.407766316366e-01  4.534362093240e-03  
-2.299700156300e-16  -2.118182245729e+00  -1.889928052623e+00  -5.708018640629e-01  1.154750215959e+00  -2.585301662617e+00  1.678124198417e+00  -1.154349560089e+00  -1.428583810585e+00  8.738827597003e-01  
4.248973208740e-17  -2.651678323248e-17  -8.570109902230e-01  4.314991197035e-01  -1.023023164209e+00  -8.134730259318e-01  4.755641447902e-01  -3.951755882759e-01  -4.241791598500e-01  3.396131374910e-01  
7.010021092137e-17  1.799745062177e-16  -1.503246433592e-16  -1.439901996509e+00  -5.672756725062e-01  1.224964946486e+00  -3.455910828759e-01  4.516704416505e-01  3.294865537961e-01  -4.202787739856e-02  
1.737985713867e-16  -3.409048750133e-17  7.787032368925e-17  -2.637609116991e-16  6.579553960773e-01  -9.340137131103e-01  2.547201414468e-01  -6.965685047393e-01  2.194090527527e-02  -2.596005659042e-01  
-8.303932841415e-17  3.265885942876e-17  -3.226161512180e-18  4.545319772755e-18  8.520616439537e-19  4.709967037320e-01  -2.449715460025e-01  -8.077439833310e-01  9.726139591002e-02  8.578610393812e-02  
-1.713275473170e-17  1.290341731287e-16  -3.082734901787e-18  -1.745744241210e-16  4.666421674766e-17  -7.415927904879e-18  -1.300328624888e+00  -3.739826989665e-01  8.562468804235e-03  -3.914678236392e-01  
1.295101850382e-17  8.543165781581e-17  -2.819640320880e-18  -8.551603766666e-17  6.224084601839e-17  2.746864107490e-18  -4.750184839051e-17  -3.543228021145e-01  7.355995090042e-01  -8.873200325455e-02  
-2.795055112091e-17  1.432924155241e-18  6.146880992839e-18  4.966482643675e-17  -2.768692238039e-18  5.845001878381e-18  -2.466076252255e-18  -4.680517973921e-18  4.757055182990e-02  4.241434606533e-02  

-8.945216982281e-01  -9.933136491826e-02  -1.099831758877e+00  -7.665038709077e-01  1.707601141456e-01  -1.934882558889e+00  -8.390208705246e-02  9.132565113143e-01  -6.407977009188e-01  1.946733678685e-01  
-2.347878362416e+00  2.372057921598e+00  1.827998552316e+00  3.266556884714e-01  2.082360583635e-01  2.088987009941e+00  1.847861910289e-01  -1.263015266080e+00  6.790694668499e-01  -4.672150886500e-01  
-1.052545362767e-16  1.735954469946e+00  -1.165023367477e+00  -1.246744443518e+00  -6.298225489084e-01  -1.984820180992e+00  2.975750060800e-01  6.339300596595e-01  -1.308518928772e-01  3.040301036095e-01  
-5.350236401284e-17  -3.421196881543e-17  -1.292937563924e+00  -1.126239225902e+00  1.190782911924e+00  -1.308772983895e+00  1.860151662666e-01  4.236733936881e-01  -1.019600826545e-01  1.943660914505e-01  
1.532435679881e-17  5.940100940993e-17  -3.281190288424e-17  1.577711153032e+00  8.169358328160e-01  4.461531723827e-01  -4.365092541609e-02  -4.665979167188e-01  2.941231566184e-01  -1.034421113665e-01  
1.302893157334e-16  -3.494949138885e-17  8.595903189177e-17  -6.162975822039e-32  -7.728975134989e-01  -1.601028244046e+00  -2.912685474826e-01  -2.434337858321e-01  6.736286084510e-01  2.624772904937e-01  
1.605460070373e-16  -2.136335286810e-16  -3.942995066389e-17  1.232595164408e-32  -6.046925797698e-17  -7.296773946362e-01  -7.965456279829e-03  9.710739102007e-01  -1.298967368574e-01  2.780242081241e-02  
-1.375481494154e-16  -6.481006290689e-17  8.504875105916e-17  -1.232595164408e-32  -2.216961051353e-17  1.095491712922e-16  7.945539612976e-01  -4.525143454606e-01  5.048901527575e-01  -1.211210193512e-01  
2.865051897501e-17  7.034391350690e-17  -8.617638285640e-17  1.232595164408e-32  -8.264895477592e-18  4.063289488673e-17  6.162975822039e-33  7.039911373514e-01  1.267535523498e-01  -3.714696735513e-01  
-2.046504180316e-17  -1.802961692125e-16  -2.724553363332e-17  6.162975822039e-33  -1.196693128035e-16  1.465068332559e-17  1.232595164408e-32  3.697785493223e-32  -4.919586872214e-01  4.081509766399e-01  

